$ANSIBLE_VAULT;1.1;AES256
66646662313061336130366331623064393732623137313465653635633262326466656635316532
3162373461393432623431313337363235363133313066350a333933633833323733383961393933
61653130356530323963626661656434623061626437666163363539356266323236376536613131
6366653365343635300a306136333731303265363465643963623435343631653661393439353237
62666135623664626631653663653239346435356236373837343933633230336561313263626461
30343538623063626537396636323864656439636564396335623865366538653666666162363236
64623935623934633839663765623230313361656332303463646137623937323130633432333736
61396530663962626562643135343563646662306532363365346639663938376239303133323637
30656161323935666332656665346564626564643661363739346263383661393332313664346235
65623031363534393764383130646539663536623939313932383861363436653339383161633661
643539656264396532343738356166333637
