$ANSIBLE_VAULT;1.1;AES256
33623936303165333538376564303065333030623135313263356561376361663964336436393034
3034313234633631383335336565616334636638343537340a626339383464316562363030333538
31386235366366616237353964366631626631353933383766363465636637333334386266313838
3233383032356162660a313939356565353562393835656566633261623763323130366266313164
64616337306462333361653465653036303265643765376433386231313134646537623762663837
33393964333839646361386238636563303031323538383131383131613739636139303162653338
65366533353032313539313338363363383735393161633534356430636634633065623464333338
34666135633539663034643466623436376666376562616665333663623137613162353038313138
30666330646231383364313935633362306461326463316538393133373162346133613063353266
35623532313266313337343466323832323530306235313765353839336235323831613665653731
386338323431333837313936386263323735
