$ANSIBLE_VAULT;1.1;AES256
65653538613236396432353935626437613064636432643830613330343766313737323335366130
3766383732616631656231393733323435393833663139350a326233346231376266373631353738
37643339666235336432643561373761356237343339366464396433643634663264613830313030
3338383162343161360a386530333331643564366162356133336134303834326364376364653133
36636133363363386232656165356563643166336135383734633261326438646137336331396436
37353437646638616131386366303932363533656465373739376265643930656365396564313434
66313461323431646139626431383033326135636237663131366530343532643662303534313164
38343462326363376335326466343236333466333631383830663130333035623231386537613465
61393566313731333264396339316133386463616163346334613938303830343866376462313836
31653565353264373930303532386535666562623864303964313034633864666264393331343963
35643330623138326438376337323364393466353631336435643762343539353662323966306331
61306232643262326562396462323233626433663137613132353561633538313737383038376465
37363765336134333739346334613535303439373864363032316638353762396162626339376335
3632346637343238383532646239346461383938636534343130
