$ANSIBLE_VAULT;1.1;AES256
32613661663833393738663732626362383865306331393365613533313433316136343465303431
3937373531653863396333633066613130306434306263610a626363303539383663336534626235
36323439613864656637333033383331373037343266623435356461383962343165366163396463
3430336562303038640a636466633333343035353136653466323537656538333664646261353233
61623164303762343735343239363665646637356638613163366163653532393731303938376231
39313732643830343464353732633132323535323432363664393665396466393736613765366533
39303932303565353134383832316232633138613133633730323938663439646531393462356635
32393730396430393662396238363331313335363135336235386333363963343938386664643037
33666564346331326536363064373436336138333161363937643161313162336338303336616132
61643266373564356632656565633038396631383938333664393330393331616164353032643462
65643836633134396631623461643065313533643065663630373238383337326663323265373864
37316630333464363835636237383661653561323662313762633962626431353835663366373862
33353830313263343932316138616333616266646336376664616637323164633739653262323261
63336663633630613665636366633030343362313135623134396262653530383334356133663462
35393161343138643939333966363564636430326235653637356138366464383538626232323637
38613662313933653935353139623031326537363636396563386239333534346364316663356533
32343963663931633334376530633031303031316566366635626539363732353761343663333733
6466626262636235613639636635316163363535633236393363
