$ANSIBLE_VAULT;1.1;AES256
30396432623932373634633061303339343537646131633764326430653337313933316665333032
3363353637383431616637366462366536386538303937650a363731353035316333316536313964
63333136653631653833363634376336616564663636656330613665616538323737316239303465
6536616263396137650a383437643934363530373230613237366663353662663631633665396434
36356236316233643233386435313532656336326134356262636436383836303465623563306637
30326336666565643139653239396631343564313362343362343137663065326335623064303031
31353961333338393233633063613133353963353861643263356439653030666635313661343939
31616133396462386266613435626330313962656663313262663036343639343463396630323061
32336533636536316566343632613764333933396164306437396365666432353138353038663637
38633336643930303939653165326361376236393838333836386330626261313735613130626135
66313335356533333964353436396631636234306466393230366661666661643163633135383734
62323062353431313762393465363261303039623462623263626137363131343064343137643761
33333031376535333564666438323931643863613430663565326235366538613962356339313930
32333334666339353334306461663963323666386137303637396536653765653238633164613165
64393266666632356533656630346262333835393263653466396161646636396366623139363532
64376630633034326330316239613161633734303539613465633234653363303032626337653061
33383438326139613739363131353637656434383263313633343936393633333263376135643466
32643839663631326439383465316165393963376433393133353865316135383965653866356461
61343863643132656332626130393433303061393962333932323938636439643864336634383739
30666337333339623162313139666461326661613163336665336665383434643362343064316237
63343861616130343666333331316261646465373238353636303239363937343462626436343638
30666163316135636538353533363930343461663439653233633662393036306333343638666135
64373966326630313535373739343564353863623431343961656566313733303162313836336134
37373563306163663536623331366136396431316261643662393139633834373234656636366233
32616362343761653535313735633335616365313336336263373262356135646535383431383931
38363037386334363831666361353536393230653033356237626231356539306330353637306332
39383133373561626563346234363430363034313337396233383464663338633837623261373631
63333764323966636437656465396465393836356662616531373037623239656563386465353465
30306133613439613431386661316137353134666437306261613732396262373462316634373562
66316639323363313234653864376137386639356534326565336331626365343763373039623039
37623834386531303861393730383639326134366133313762326261623233333431636261363361
37333464613037613634393962636562386464653261383735636132376435376331643633326230
35313831366531626532646332393164303061653565303463333231616535393836306136323037
65343135306231646261613938646463643162303333336161386132656136613638373635623233
64366562646431623633663235323531653834303962646536636466316163623636333735346661
33306465663064363465353563323564666130393936636163353939313530386261316231333066
39343465646238643365376562356232663033313531343565656365383037646566373737393030
38636533303565656434363939303663303435303637623430306165333161653739636335303334
31383864623863353533653637303734336161643030343862396262323633383939356535326238
38373935613164626361366163633766356239386264656561346161363435316537356466626133
33313964613765383762313437373161353332353366613962656162396136666163353635386436
30346263613361326266346533643030316634353134346238363135613036633664316230346565
30346366666561613733356338326366303466393333373333373134663332386537353430613136
62613837653830386539653135623832643263383964636438316434313261313164386137666138
31356237313365326335316234373865316266343238383931366437373466333133386464643238
62376265616463336633613939376530303232383033396263633432353765633135303931326461
32316433623133636238373662323438623433613936633562343762373666346435616634643338
66613363623331383063646235333161643031646539666335663030373833353733616130373138
61383430373938636662393364626433383532303461623366386563323261393264663138643431
30313336656263613039363934353562313034656461333636633665663634653361636134393331
63616331353963373664366237613461653562326366656433653037636532376536313766646636
61386138366365363437663736316263313564343263373633666436376535333936306565356662
32666538623462656431383661663766363763356262333731373364326562336234306661666233
38343438663430333338326231303936396165653834333637313461633332356130393565346431
34393765383331333633643763313439666165633736613635613662663262663139333539656561
64363531376364396230366366353834383239623035333531613839643738373332376333653861
30643839333731353739313661346261336438323234663537643965393435663235643762653961
37353237663261323662373139306434623334626532383134313864383438613233616138346365
36343961363731633463343638613531366137393030666433323533326462316331303536643530
39366662383161393937343163373964383063346534383233616661663430353461336365663734
36623633383835623734616463663239383863666439376431366433653133613338343530336461
36633662363536646166303734323633323432383263643262623935666436346263663935633239
65643965326462643138303031323630643135656330333838666664393238326462643430323962
39383064366433643064343132303933346365646266646534316637363036306532353132393066
64316361363039653062373539323137333665386333353630363637633163666130616638326639
64626136666265663733356231393938356230623966646539306361303637623035643930646564
61306661626636343830633234366462343639613536366134663236343961366264666335623833
37383131396663663664353261333166393163623763333936363438386437313665376439373732
62373237323534396165366265626534323735313463343638316434376665613139646239643436
61396133303235396132333332326637633462663163396530383739636639306562346538653637
66303666386163303761383135333765623633396237333461653266663664633563633739316464
64333966343234663363653065346439363638636636326534393261326138383362386464366535
35343238393538313961303162623234643239373963323639306565666362653065626534336162
30613631393438383861623864393565306465376364643331326631643830623063656134333932
66323939643765353838323964396536623664303766396130333864323739316632363238386536
64663939623936306135373262646564336232653433626231383933313261386636376532363337
65333764613939653731306431643166333731623563623936366463373730316330396336633436
31343866346462333238663963653330346539343235333865656431633662653733343537393339
63616462323630393464333835393166623061383331653034663438386533313463626339303035
65373335346562303665393964616330346661626631333739383631396431343231663430626463
36303131383766333061363630663361656162356166623462666362363734373366386333646633
32646666356538386334333831363837396663623332646137383362313535356237303634303536
62656132356663343131663464653233383632383433323235336261653832643233303033353766
34306634623035333662626362303732373362363433643766393433393663373466346636616564
66333733386562306438393932363134613539663531343135366665616137623434346136366566
37333737663765616365663366323938306165666364303761333431666538636666613739356231
643931313266666532613432383466333565
