$ANSIBLE_VAULT;1.1;AES256
31643939366332373664326463616433643834396235616230363030343465303063303339663063
6436663033323739643633313939383566383966656431660a616566353039316236366430373338
64346565373664393637366537353932663164306431623439326438613461616262303638386461
6633613561396134360a353531643265643632326661346136666233653430333061333563313932
33363361376664383462313332383230356439613965633937303362393439373438343266336562
33653561363963336265613964333766366231656339333636666634353530373164306536613463
65316432613866643834353234636566656263303766366132366636663332333866386564633365
34623938353539383864363338343137653866356465373033626433623636333664343661633038
31666265396331366236373162623561393132336163326638333164633739643730393261393165
39616236396261643234653938386664633261306566313865303238323266643031643863363438
61653030303433306637313033633266363934356637373662343137343164333232386430323064
37633265313566323561
