$ANSIBLE_VAULT;1.1;AES256
63333433313132396166373333313739663064303361303638646636356536616132376364633837
3764383137623431396330663634316332646562663437310a373434343066323733326665306263
38386166303839363064356137633537656362643933313666333065343336636266353339343164
3036396134336162350a376434336534613234386162303566326335656636346538663532383066
34336537343931353262666439626239373763373562653039656432666334613661306530643537
65363962386364663136323966353065373035393636623531366535636433376338653538333366
32666164333165656138653332353836633336653836623437336135363562383539626263336632
30323462363065623666656534383938326631373463626332643134636634393530373931613330
37633264393535623433383638633934313665343839643038653865646438653666363936373539
65363831316162646534376363616263373363643734366434636165323531623037363563333861
636634333335323862653938633266323736
