$ANSIBLE_VAULT;1.1;AES256
37353833646434323530613435663265363734633831653839303230663135363265623161633763
3938353332643765323736326431363732613661363134300a653465623338306233313966383237
62396365613032393362623335643464356130653266363362653830363864643433363233376239
3434356136313839330a333030366362646631323466663035323333396537373339333065313335
63313739393464653561303737326231643063656466326537303934353533303530393336383032
39306535613064616431306266376137633335303732343439373030656664373762343437613266
64663035633833633138323462613066356638386333326338666636353762316666393561373439
64363533383237616536643538306338396465393434303037626564323966643238356363333938
37656262393333353138323532633630303130323539663864626163323235363532306437323132
36313732616331356664303833633838363535386434643630353766363435326663373235316663
64323833653436343535343537316634323530393463623836373536613132613531363764313866
31383934623530366332633436663532313665376539633138303037336365373636363061356663
37393638353837623231366238646230393836306533313766613432373561303039666234643162
35386238623564396534626437653761346433376236363635373932623662663163613838646363
39356262353039656335656235663330656632613334643730356262353935633464373236613262
31313631643834623632336438666538643632343732663936363763616564653137323364306334
36333732656439353465616638636337633237623262333830636632343931383038376265343438
32613731313661356431316536643237353161303033353838316462613338366433356434626635
36626364643565636434383535396233356630643962646237313663643261303338623730656436
65393866626430393464303731306237656334303137643163326630353832373839353636636432
37346533393238316261363531363338633035313038616436613566343831653637353335346165
63623036313130363232643233393066663532383931306162616530323735663830383530323137
39613133383635323462373539313737326139386534383239316366396636353736316639336631
62396539303432363634616532666632323934363039633036653037376433363939626239643532
32373664346538376637376266663930363539366236643661626634316533626363336230653565
39353061336135663861653431356131666661366337373637316337363961316366653239333266
65333133303639636535646365343737636131373064353434306338616634373230383034306239
66346139366639386430333335393733653836356265346638613431363063396436316131636665
38666537333530653766633365343762303030633237643833373963326133396264666335623734
39316264303138623431393630623530616634316336343930393834663565373230383061346266
34306438666132356437393365326138363736343035663532396332633434353038616539663665
61646363613633346336613539333435646238663765363039626362373362336663643837366136
64396532393062623335646466343536656339326661663437366135353533623765303934323835
33306131336134613437396538656636326332666236363264396137383234306331343939376562
64346332643435656634363264393063653130626431633639623836643837363861363064363835
32636362643565663465626131323332346130373361366136643561386432333737613863323131
63346466363461373233386335383632623332643761316630333832663434623635386138383636
33353566636265646430393365363136653831323966353735303033656138343161353163316139
62396635306538303931646634323437376435356561333563613164633732366333326163386465
34636265306261613461333030333734636561366461313130666130646339326536623333356636
32303437643137636464653432643139326130653734646362306434626330663762373839386364
63663535313733346264656631653531343331373838336466306138663466336337633830376230
65326132613966376437303266323263633838373039643464323634343665363831633863663066
38386565623231343736346335636232376432633932646434366662613238346162346439303035
64653633653966653934303633376266343765623264653362363061346230656663633034613738
64376532646436326132393535363334396665623666353834646139363230346230623938626463
34356463393435616561643332386561333138383037653931616531633038383062316165653430
37623463373530343435303063613835336639353265306363353130373562623966373063346630
62383364623962343366373832616264333761313063613138333638306439323166333738636166
32353564303466376262373436396263303732306365316464656338663935653466363961343236
34646232386136303464646262616663393663306630626534363631316562353164306339663437
65386133646264323838313864666136326536366462356335373166313136306661323032643132
37346332336163636636333563656335653338636232343665326661323664303633653738303737
65343466333264656534303138396134313432346163623839366162643065666164343434336662
32383431383235383230623532323861623466346561666339333166643431313131303831623036
65616334353032623265656362336230626533646262653437643634393439363230363534336364
66336662333161623639393437366436363031323562646435396162633764306633316165373739
32386530323930383163643139386634323536393638666262333630626330343665343266663435
36366565373339616564333434306566373637383535343665616133363830366562646231343863
34383131396365623161343730303234363465306430333663646363653465626530336137656237
37383564666561306536613830303034653531396530633734303364616238326261353863313132
65636533316264326430333964336132313835383436383234396239653861313164356134373330
37663865313634393931613539303335343133646331396239363632366665383831343733323539
30323062313661333839383663373235366539386238303566333331653062333962653165383438
30353737363636356234616432336632383333356531316431333330306465613764333431383064
39396534633837386261313035613964346136366339666236653437376264316437646366386431
38633465646466316332626637663135386634333063616330386330353833303365353161666261
64343065393034396135633835363130366238616166643862373638633938623366666538666336
63646136386637653165303362343336623230656435626263366530393233356366303939643964
64353039643938313938663361323433656564653962616336376661626436633438346466643766
64373336373663396666663433643135383132386363653864666562373262613031343066376166
32336431343364613737393334333434643865616237373135353938613338646431363464356633
30353034336633656139363333656533343738326636353430636263383939613936653464336130
65386135643334623938623239306137326334373130653830633265313036366430663537336337
39383835393237303236313035376363666462393631326265646233393238336437313631316634
34613066653237313939393565623937666363333362613337313861316238313436623931646431
65626331306237383938343630393565313732353733366533666131373732386363323765643439
38626637653261333065313939313565336564623962373439393863316233653261613462363835
37386536313161346636393666363933633433393864356537633133303634363630333765313437
32316566363031653061626564343736393565646530393035376132386665666362303831646137
32333438373964633331383664386539313235663735616363396335343732303030323364323562
39376536633832383861303838396630313537383966333531653163653137616237333065396438
35653231353361653363656135306363633164326537633463306661613534396437626239386164
38656364336431653961643235343565653464396161326234646437366535396566623133306131
36306661616531333738303266306637383938343366353437376464316239396562356232333337
66323262376535636138653333366330393264636338353432383262333236626436616430306562
65303130373035646532366130623563613732376630623361623965393139303931333431656233
33333961323662616262613939643232633364366363323762306436653262336236656231346438
33643137356337363635663537633563323163663830613538643635663563656466616430663265
31636439393536383536323064376630313637306365646164343438373634306530333739653234
30623338336335396363633263356136336363393839393130646462356463643831366431626666
31313764356662353938373634613837613633313664666532333530303030616363313233633038
38623632396430333164396231303236636434366665363464303963386563366230663836666562
65633735653666613637613533386631376636313262646362376231383637343065643032396264
64343566386665663362373738636536646463393662316138393763383638316561613132313862
66356533636537303932616365393432333561353261623662333734306337383139643531653033
30643831366662376333343465653539393335356666383634363935343939393564313031626634
66623661393161616136326365303936663734303663373035646563626663356230333937656265
39316632363934316230636263616538333165653435363934353466666666643366663437616265
37383962616533636139643766656363626635363830626461643938373362386461363637303135
36656632386631626633646161643365396332333039646237313937346662633837303239663035
31393362353566623735383063333965353136366464386361646530346331306665323066373231
66363530376336356437333166663261613335646562653538343063323837623534656532383936
31643462366265346161383862386533623063663832306661626234323863393233303461383062
38396336353863313134383331313530333066326664643534623636303537306634623637623064
31643039333233663737633761363836613931626438613064336330663939343366366131633562
65383332613637323037623363666165643861356230386530323531363938343262373166616431
39396565323965626463333064363863303438656666633734363332346664393630313362323563
39356263316133383263333331336338666562356636663864613333396535363166303465396239
62383039383936303665383863393061633666663636626436396239393462633662656333373830
32386633363639396135666462343637663566376339623233313064386633393435396131616432
36353032303561333465643933623334343764343737316630613334353762666437353465646233
37306261343438643061313535383866316365633136353966613738353865633766663161653764
38313631646333656135646163653165333232613936653534366562333366363562656138336463
62363166316438306264633666656638346335373738313461353838316134373933646362333136
61656435663732363437386564663964626662336466363364356236373436356466633863623734
30326163373434383063323133626131353634323839333663333261313235653464326230613265
34653033303439306431336332303037363665666566663766653864616430613936623864366361
39316536373139363561636631336239333366323563633166646365326663333864653866646465
64633839356663643934626135383837356533666665353139383733636230666432346132386364
63633531356165326132323738353532386637373262643538613762383631303761623862306564
31396335303038623338353662646665373366623137373166633231323030326237346363643763
33353264353666366366373832323834353330356362633931333762623465366539373964373539
31653766616663623333633132323839653865643137616138623437373961653636663831386363
36353130353566326462373263366239323565303964613832383934346134613062633736343330
35613166306431313763386135336566306463643531663838383837613438663131336534303761
37376363336137306166323061373636396430363762656161653764623761626535636166613239
32626533626164616439346535393038653031643962616336313163343636623366303030626265
31326135353136386165353434653762353136643062323235376538356533323037626465396230
63316632336566393238366538663439326639626638646534393232343365393064356261363938
34316465333239656664306466356438623636376261363261366661303537613731353131393733
34326662626633376630653964373465366530626138356631303635396238333033616164646236
64323839333630613765353661313438643236343731393365373733633637646234373939373436
34363062363963646165356265656466666633633362323831333137343235343232656435353237
65653538663762353237316231613137363165326334653033366366366663353738643134353762
31313036643634376538613962373039653562626237366431386664636362646632313635323637
64366232663139383133633862396235346633393336373730336630616431363534663537666161
31613466336663663663663533303965366633383563303530326138366431336632623034333237
64366634386536363736643232363562633138646633623161316164333630663365343366636539
31383862623834623939633261623139346337643833663866393863666266316232323231623865
61663935653865376261313063346234666134383862376537343737313834366564333163663164
66353432313539656330323265623732356134623238613733323763656532313037663366623961
33376363363639323638653830393735373334343061396137303837633638323932643239383565
65626535653232626261353165343164613135366433313033353235653461393132666165303663
32353534646633373261663761613931303038616234623530316533323235326165653833623666
65326231313037346332343663623135323533653362366337383838316533303037663535386562
31663764633538353064316561666435336236613866653137663862626664663065336361363437
35343538366437383535613935303736386435316235623835363230333032333164333639616135
36306136313631323038333735313362306362386632663562316665623230363432636565666639
37353439336138346232363231363361333037313466396230626236356233393537316230633236
30363037363461663333366535363362643364396634316565316465356138356230313561383032
30373339323630343364613133303438366230663037313335666634393838666231623763303330
62383036303961306461366231343834663263613835323961616231383330396439626561653630
62303961613339623032383264666234663661346630346565623138393336386534663337396237
33626138363235363531373634333330386438666165653431396664343939303039353863633835
35653235643765616632373834643661666539303636386163646330343966616564623936343836
34613361386264626165373230306434383365313132663631393938646137373664623363373439
36356631363964656361333837326132643262633130656162333732646239356533343839373433
36643934396131356339376438306464663135343365613338353463363631323235313637393039
30366630623837643636666337643363306331333732613939383236646463383439353638633761
61633535633238343934623261653033636437333233356561386364353262663537623465623337
39633537303866653563363661316363393038396365303063663534643235643238316562306461
63663337336131306131313039343634656433616464633231376462383763366462613063383066
64653437386332383835343333623438663761346365323437653665663266623631346634636438
33633434633263373539366365626436303730613462313334313861653663393662343532326339
36326239343965343536396364326166306131383736353064623033613635626663373265303338
36356335316332633734306432396364303863306264666438643062313336396639616431643030
35613935663866313762653065653664373763363239306136666536656133303235653966666136
30653465613763623834646531613364666666393134333163376230303533663134656338393536
38366332353061373136663566396338613466336139613131633130626161306236623834313861
34373164303838386530613837376666376362663563343162616236363133383630333434393139
35373766663562616337666163383266396537633437623866666130626363343563643861383664
64353130326466383764663131313563396335633463393235663135323139313039623435663632
61376630393961663537386637653139663631323436383039383936323832663861636438666263
34303462613031303530656662393534313961643561316163353038313737306363343237323432
38653738303761613238353438656362653837346265396561663561393532313336613038356563
32666163313466313437356661313436643331373362643338313463646630653637333863366165
63326636646436393261653832323064643362623662663934383963306431373666626131383333
30646234336539366364313862613566376465333230653931643763623934393930616164306337
33376335303863613262376663396531646439646330316566343739303136373266366562626364
37613738616337656136393365363435383136303733303339656133363261356235616439303034
35303637313065323866666631633938393337643038316163653161346634333066386231383931
30666339333436386131313664386266383837366134323432653061306236306630373832306338
61373164306232626530313561366530343834343038353663666639386335353937653664653638
65663738303232336233353762343939303662343531356466356337366530396562636433643061
30643731313730613331346265643565383133656666393137623565666632346434303534336337
63343065326334643062623130343436323438653262656332363965306264613462373031383734
37346437656635663462343965383033653166646639363932363138373561623439366164656166
65376465376531613566376533643134323234663861393461316531643833336664656561663630
37656230303462396637323134346234376332633234646436646135626635323863623765303766
39313832343866333063376633643233633039616561663639636264373961653331616332656265
39303262653430636539346663373338386531303730363862373534333038313234343339376335
33643464383239303733376139666464366331383832663539353064646161306363643563623561
31356231666566373935376163656237356135316636613162646131663133643030316237636563
35323535316331623266643430346233353361376639376134613035363066303766613330306134
35626333633063303865363834333234656262616533623031663036373734393437303834616233
62626461323062646534386664366439323031396462613731343832323363356339333662326239
32653765303533656266326663393833356532656337306137393462356436306433363262326565
65373434373139303730393932663334323564343638346230323532623337373932326561346238
61633732663834336533623464393631346362313664656161363632646239313863393561363934
33313361643536656630633235343332663130643538623666323432336238306237373766646630
65313730343632393635313738353833356331303032656330613235616262393065383765383562
35346634616132613632623539636165613839306261323839306439636466653833306634633634
65373537353731633163666332333635366434656234623565366265323432613665313930363434
32396130373533343532613061613036303335656564626130373330366366303662386634396165
65353730346539316333613233643934323261363830393164356437636333313632376439656362
35643631653339386134643832633665376236306236343862613431393661303636363132613062
32663664346366616530623030386161643436623430373437353531616634666161616139343662
65666638613232346562303139653037316235613136646163386636376534343632386435616263
35366363613866336131366136666531633965616662663233373165306563353336346463346135
36343336336266653731666332356538396231303264313430343733326238333537656662343463
63363934623763386336643235346335663930383464666130313434366638393836376439363665
32386635623236333562353265653362666463333335313537333831343431616431643936313733
62646137323938303837396638623565313430346634653932353930333165653139613162616334
31353166306630363830393639376132333532336363373261616564613766363866613938396332
63376331613632633030366330633934353032353935643965383939333633313561303864346433
38386462353737633037653664393663353737633962333165303333393339393937393262663165
36636239363865313163336666613831666630333439633530303436616566393937306530373963
39656436653135333031343937636666613136323134373038383537393966323234666239326165
35633332353462653038653063613032333935363133343230386131326166643766313936326466
63626361376135666266313436366237326265643030353731616164323761313031376338336437
66663761343038333733656465373936626435376166383165623166363034383362326165666562
61633030613062386366613863336262656431306434636332373232616261313662343737613136
61636666663330346634633335346531663966343535623532343236623831306338333963303830
65326639323631613531393231393630356262386161636338626235623934323832653561623136
64386161316239643231313265633365363762393566323839313166326636366538383836663463
65333133353033396636306230353238653162303933376236376363643832643061393235353666
36643832623663643639376230643236363864623266303036613839316431353532323332636130
65383830653361366263326636323633643536346535336566656261616366316166373030393837
35623030306466303966303263376263643631663937383763656337336635353639313130313763
62323765363837343261626436643965623264643235333732646432353161383862663666353063
63306232346339303536323532313934336161623838316139633163616562366231643731333036
61313139626639393938643735363836393063666163386561303036613337633139373537343232
64303838623330663563386134643261386465633830363139663936363538346361356461613461
32623031326365636436643438363333333565366566353764653533306139663236306432356165
31613062636434353062616462633163613330323262646233646538356461313631346531636461
66643366396231323233393131393830343737303237316561386463323137316132343763373030
35666664366639313236333032373139363537343063333737393930303539633131356434393834
66666632616662353137363437626137633339393463616236366363346538303463316436613133
62623636623562343135376633323763373434646563613839323238613965623633313035303864
63383934663363363238653463313134343739323964356436633064633062353838336133386539
65623030376561336439313363323162343462303664303937333063326339336562333966333433
36313361383537353766396161353830376262666463396661616266396632313763366630623735
35386666623765623333653738343066666164643264663632656631616235643837393663653231
66613361626362336533363766323335303065643565316234613031306631393764623966653033
61323330376465393832636132623033376436303639373935663033353562386161383335356361
32303265316437636238373639396164653138353736656164393062303062383435303434393635
39636430333561633664653630366662623932623166326535613232633130336532373631316465
33353233633966343236336265613036383139313234623064303035623632626536653035613964
62353539613839373261653130313038373065643930333165323733623037303030633162373633
35623061303138303933636535323837366361373135663662656139623139303265303738666365
30323136313033353032623137313166356461653264616336343966383733366538636135616264
35303961643638343366366234666564356436353139613166356637356233383736333531333863
30303138396432386336333137616665623266333762623237376166643136373133386662346438
38386439346337393034316462646162626436373639616635643238666565383066366465376162
34663461643439636565323933336234383632626133643333653339353636613664303733326232
30363735663665333839393638393231353537383231653733396464666632393635323638616361
63623866353763396365666636353634343131663634343832343238346237396238663862646130
65656137643734663865346231346233636166303764383636336463313839376233376531303838
35373136663164653735653235666439333935376536396664396564336138363530343736616131
64373936386537396137613833656134636264306332383236613531613032653231363530323064
66303138383632363534663533343864333934376337653866313630356537376565623462623932
63643835376434616134313837336630333066623263626131393135623439353931633233336137
30663337626566616462663964343262386165363239326363306664623632613330376337343463
32353566386439323562383764363863633536323039306161643662376434653239646333346630
63306362653535363966643630646462663737353366303930626466623038353462613135636661
39636136643363633638303562376533366439343863386639623036636561383635346535643038
36663736366635336434393539366537343130663533623338313562626662383962376430336461
33626633613339333635373663396564353762613139333765663338623532363838326434646464
66313161653864313361653465613161623836393330663265323766636339346465666662383664
61623837623332656462376564653032613336633065303166363536353233623262316530386434
33663931343862353935393630656166383431393236653164666538646362393266613232663531
34303339306336626232626365643964653765626661323864353331366534353638636138663630
35636237383334623332656539373530363535653561353361303638656536303332633562663431
66666362663265626366376465616463616663636463386136333264616333306437646335303439
63346537346164663134653837313431383936373432613135393337343131363965616434323337
33333033376562626433363032363865356661363834323064376461353266323765393332326637
62326339376631306364343866653131643132326535303632353831653032646438356430373231
37646664353030373333396530393738336430373735653037376237643638616433623832653438
34353061326530666563303334666335323735616635336666353336643132346361623835643030
39653130326133343537333662376435626162623134383434336462666132643631313332633831
65646163303632373164323164363164623239613135323363366465616437363562396564373832
61656132653635653864373033653937623264393132386130333266333837353765376234363331
34663634323338616564366434653531663839383762623931633433306638653033323232643364
36376662313530656137376533366335333437396361303438383634366638316530346531623264
34386336306462653137623064643463393939386638313332626132643361376463656239626531
64633066636666353361303436633732303738303436316633366631313738656433616432323630
64303536376638333366346539643733356533333136643663396530386335373737363931666162
37653862643564613466306634326562643038366633653338623864653337643463316265303666
30653038633033656238353632656264383361666636366334393231616537366565656164653939
31666337353139653263363736633436323436643133643733333430383161303435666334323063
66353037663735383738356537653766373338643932623632663536313434613663396337366663
62643835303362353635386464633137643334643064373930626264323931353130353762316639
62323436666165663330396634383132386639666536323434303131393361663734326531363663
61376265653139363232646661653231336437333039303339353763373962396431636465316664
65616339306366653238313839396465643933356434636236653634313338336538343935343132
64663737363164643064373533316234353764656463613234363739643035313236323264386433
34356365663137613463353439626634313961386161616138373039613166326663393635333065
36633531623663313362653730383366363166353939646264633765353065613539353535383566
37346334346134633839646135366339653732653963646330313662336462393437616162666436
35666662613866363864373639663539376239336663653530643763303365613931313665363136
36303931386332633765303335353034626338656231323939306635613035633064386236393133
33333863383630303539393135313630613361623862323462353964633530333433346630323632
38303834363337373038356563636331393564643039383735333362663636353238343136336134
61323036656636653435663061656332393961616135376133666163316130306531666233643834
34666632363236366231313234373465316432663164336265343333363432653234653133663564
38363633393863376631336561393366643862313634313461633032396530373165386632353837
38613462623534613338653462376336303763613336333235613735336239663138616435626232
30663234396266343732316335623761373534333635653130303966316235303930356466643861
61616338336131346130326231386565346464393936376330313833326334353061396435383038
39663433616639333134646463366137386665643165386661306364346135666362633866366566
32653064316333666430333236333131396136383230353966323465623165373336333961653535
31393432366662383034626365663933343461643932636430633834313135313734373935633838
37383534366633306262343738323966366133306535343331376130353732666134643730396631
31663639643662323439303933663138316436396433626564336335316530376331356663336637
37333339396564666566393862616362323939643234666334623531363837613662623832656265
38333238336631633366666631616562353739356538346433323732313663653861306130396561
66313938613263366236636463393839353438643538643032353835396130383831303633303634
33353838303836316462613135353862663631646664663733616430323935386635323735623739
36366636326235656163316239316431353630656138316636373333313261653232333538376132
65353134333663633963396437336238643236653365383534626530393562353961376334393336
61613534633036363737376530313932346438306430323866333965616563616537316261653965
33356130643838333061343962393135373437343035656433396362623665613032396439353731
35616364623838306437353962613236343462653331633836653161346330353365643436313164
37313335383334366666343763386263633032663436663435323532386434363438343931623466
38386430396633356232313838383936323863326636336331303831363565353065313131383432
31306563616561366365336634366532306635343530323136383862353433306438383131346265
62633363666534363832373330336633346535346232656231393530353365653834646265623137
64353265613130393363653964636631643563316137656134393463656266616333383863663462
36663834376332643030363237626134326432396663666364306630383661326233343834323264
37366464666636613665383464663730333232653938613132396134343536313262666364366336
37346330356663336336663136363034363166333033303161353335633265323761353161623335
39393933653236353339373964303932323061653537313033663831336438326566323564636430
38323235383835356234623135666463316562336435363064363962336530366363393732316630
36393730313635383539663738666333393535623562373365333735653866316336616136316432
39326166353738336235363738653239383833656435656563346634346366376638323964343830
37643632316439663535653631343564376639336364643738393761376231386233353837633562
35653635353036616431663032383137373863343634663130313866356266636237336163623735
31373062616330303633653938383236613964653564383932373431613135346265646539313436
33346636336435376366613536373630376261373766343936383234383438383131363437363331
39316135373532363766356436663635393936653365303161363065666464666539316230393262
35313230346536623133636536643237653238623664363864393630326461383337326435316539
36653836306364636264623965633432303434383339316637353564383538616466323266383236
38633534323034616131636334666465366539643535636332303364356539376130356531306464
37326661333337393662643239653334336435313861353338303336646465363032383831353938
34643830353632633565343162643761373932346331633439306363626166633636653461323432
36356130653231363832383161313637313631333665363139383138346538613165633961653531
38613232393466336639316162376439363930643539356330353136363166306236383536326133
34393466336238646462653133386162636434346132303266656236343236643037363064323363
32353366653731323439353662363434613830393133613762656164333462623531346632643966
36346162356438373765643630313064613861623963656334323266623965373237646331653166
31356633613535623365613138306162366662356461653763616361333439663133366432636162
31383863313865613531626337656235346138376364383137343066616264303833316335373135
64643732626334653033636261363666303837656261646530333733333738336231643963643063
63363834366338666538373538346531656363386565353336326439313936616561323363376163
65376562646634383733393863626338663262663732613964623031373065346139363537626666
65653230613461353066653932656362646636616564616365323331386637393239373662336634
38323138616438396332333364633866623338653666613936646537333562613639356537323363
64613839373335313763376337656363636430306465623238323439383465356439663138616564
33663337346561636136393962313766623331396133336532623439386265653663363661613330
33336637346237626638663362663839663637343265303636393466633864306664636330303866
37626536373631343634626637643639623434306638353836643165326538623138653632666534
38643164636236323865333563383565623566316563376537626263343139623735646133613365
31356433313135333335663534366536663264636538343561663634383330653565623936373366
35373835663662636161656131383365373165643733326231623364376433383132366239373936
64623938316361656539393436323965383863336134616362343930646136353637366530636130
32393866656134376466396134653534623434356630393362356564393830346165323531373839
39613930663564646133613962366539373764383734316334353433663336643936353530623030
32333131376639343836623964366666393961376463393962366661326566633932303239613034
38643966663763333437303461393537653737356130643566636533353031396334633464663038
39323864663430353562353865393131323336616566383834613563343438376231356430366266
36393036323033333861393736646666653934366135663334613338323239316138633533303938
62303639363365323833643637613838633331663734363136393565316562333232646637643038
36343161613539323739633938323132333833336438393533383433383063356166616539386265
64656438303663326234326539636261633431663966346334316332333464393939336530386461
36326232396563656330626436646435646537633262383336346639636664313563383232636564
62393738303031616334633831366263666163396533383835666332386238613735646566623562
37313366353864613261323137393337663932366662616433633535623739386466613935373938
64646665343130363832383731356362326261623264373166626633623239363831646266343531
64376234383264373061633732333966396339326531336237393063626166316664343331656462
30343630333534336237353633353935356336653834383664333637383433353136336664356133
34663138663635356239646531313563363931656639616234666163303061313162386532393331
34643566313533366465616232336239363334366333333261616465316533343632336365613966
37393966663730333434386539326565366537333536626536616238613832656163383164663835
32653834363137316562306666346534656366636262336434313365326234666464343334646130
35383436613062396331666336376630323636373437613764613462333331343739323630316233
38393835646663356139386164363962323030663463376138663536343832353764643161386335
37333262303936623838303735383830383833356462646533333334343863396461386331626165
39383063353663303737633236316339363765653962636134393930396530303732663631656334
66646337376132373933333134306333353564623030316264336133313861626633356635333964
62623561333464653864316465383930633336366439306239323834653266303639393933326533
38366235363035373335333030373831663065623033636637316432386137666532386363303865
65393233333361326661623864306638333362393362303338656433353436623032386632666639
34373030383832356530343731633639326161646636653835636462366537303039376564343338
34363536393732363330343838306531626536613433646434613932373364326338326536643437
62393065656635373963643137653464643263363462643536613132373337626364613362373137
37393463626566306362346361653062313662643432336631396335666161373338643235626138
64363866313562653763636334316164346534656265316463303135363636316435343838326265
38333733633837396633306161343339626436363437306364343836646431646239646534353834
33383033363535653232363537666630633430323933623031636135363464303137623963646337
33613565333262303838316164653738343962643231383431313833653135636666373936366334
39346233313539353063386365323536616535626361363264303539623161313433666466383636
63343339633338353664396239663839303830316265663836346463373962633532373262653333
62343137343864636465353132666239353838623463366236303739653662306261386664313461
62613762363362326436336332636130353839613463626332636662633566666535623765343862
38386539333665343161356333653733626234313637336363313730373137646234373537316365
36383638643666323664383662393435636130653230396339386663656266643130346130303739
36336366653732373036646234636131313435636633323261613631386330646335616634653662
65376561646131343736316166613633616461383563343131646131623233646563393365346661
30366333356562636161353363646339333765313465303766646338383431303563393662656637
38653966326231343064623230666138666334663561666533363238383538306136363066373830
64646166346433643735373561353865383761316665646366316531643634353636663837333466
65653462613431643631613866303633316438313766383064383465393435633938303933623964
38616162613463616265633633376639623330626330336531363962653833393366616162333765
35333433373864643735613039643437646462316631623739303933346335393161636139313861
33346336623130343762663433363637343265636363336439663938623833353361346234383635
64346438366437643737306365346331303365303765633032303733303133373363303333326639
38666432313630666465366331643230366630653564636166346631636434353463313963636465
62616134343062353733316433396463666261356464353562303562636533666661333233383237
33343534363464633366633938336533616230633964653562303634653365633665616334636564
31306230316566616362336636383331333237316363376464383063613735356666353434326462
30653436386433623366633330316262333735616133353035306131346238643134373332393562
62636439386337653333346235666263346561643261383638306366366530356331316239343264
31663464613138636566663864393231656133626331363731623065646464333235653263636433
35343434353930623861366464636338636565366132643466313364383633626634393965656336
33303562643336663631363136353539323136313035313230383639616262623639613336653332
35666331663637633530313663316335396332616236633239613561376337626465303037393531
38333737396162373339666565636533396461663831363530396536643438386331306466633735
34386132616234656563306638393134313430393234633137656665646361623165376135333465
30313931333036333662363231646237656232393036393765646163303966626262313862346239
32306165383035333063623762396462666630396137663064663430313532303763643863656338
34383564646637653131393831303330323936343533306537343762386465343863383339336234
62346461303064396239633966363231393934623962336130313838313836343161653564363361
65386435326361333336626539383464346530616339383831383034333536643066336432356366
63353630366432623036303439306265333864356434636632663130656462646234616238653938
39626164306630363064333334323464313139653463383933306265333430346338313937366533
64363930653435656239313562663165343530643737353036343864353763353239653161316162
34333764383436353632366462653239653465343835323733633732646335373062343936376365
34343166626165623536623965313431326666373365393562633234376162376664303064333834
35636130303166363738386334316639656438666337656337616236383237653232363466613632
61623739343963656433383333306633336237313432376666333139633432303235383233316132
63643935343435643634333665396534353033643730646636663461393032313465326635313139
63313832653631663933623338373564396531666633316636623462366631613035646263313163
37633134396363383233613762643039353466666332663165393633613265356533383965323761
31343764666630613934636266323461363834306633336632653164386236343130353864613265
32393063336533346637313262386466353433333433616138626137623936343462636433393365
32343838653363616630383634623662636362656637343530313236366465613738383462333564
35313566343638306134373135663164343439643738306365393736353234316336316538316131
61316239313535356564613533633534383532643661363566356337633031366463636262383130
32666264366138653065363561323837383932613238313139393538366337313330303831316464
61643663366330616537393363343463333632316235346231336437666561346165383831626335
30333931356638623133636330626163383839666230386432613062653163343434356439373430
65303533636633333334393963323131383032316238343930336530623762353561623164663565
61366561663361316637626566396539336535633735663630643036613437636631623136323163
32343331393835396435626662653134643433613531633837643235623039646436386466303231
32303635326266643964636365613261633762663562346637653439363261336366326134616162
36663836636537333661343839303036353632636163343934626536303334613535383138623933
65323733616664386465306535386235633131626462303436343936313537336132666365393066
32643861646135633731303536323239643561653131396133653465303434393634613339363134
32633738643464353062323537303932613930353333616633383332373632303131383136626630
64623137333831336461366665633463396235653831636662336635353530653435333536336234
32333239306135346361613232313837343366383835383734376233343835623762323433396130
37626161373561376362373731373935346339633966303932333836623730393931613537653765
65306336383061663864383235626235663934646532626437373236383036383932663633373139
65316532643636633730376565343061393137393735336333623865623239663165333838316566
34623730663133343735626334616162366563356431623036336630653134633637313163316663
35306537383335663034613934303161343337333664363633346665306465386635343039393032
61633633373136646566616136323132353566373039663037356137373334643732343834346461
31393161613331376635393930333362303862643265306233663334653234363431313237323138
62316532393161633239383562303563663238363931666337393463616235666331653163356234
61353762363065616530356534633166306330626161353461356661393836316632666639323863
34393339613236663165613166636536363361646435386361623161396364626132386231623962
34633662633437653538666432633862343632643036373034313231613838393165653236383237
39383564613064383964303837303964656237343165646434386564636631313434356339363937
36663461393735633139366531383836663339383764313635636634646361313430373533393762
63316432636231663731663331393464386230393364663134613034313163616534643834613664
32613666303639313932376631363164656131613032366664623561623861653031333434623661
31313561646232346237363734336466643833643164333239376138623339623338323462363861
30383166326663396636353330393037323437626235656461343036326530636234393962373539
30333934613335366131313230613862633638376538353334333365633937316462663935346331
38326537313761306430386337633739653666613334313966306266366266333537346563363162
35363135333762613034343333313839333561376161613437393232613264316134353533646265
32353732303932656433306364383133313536343863626363656435316331383338626539376237
63316232633762326362663239366532363036613064363634393332303662643638613035626438
30346665356662653630373532333866643836636539646434306239316233343433333630376637
66323964346663383234383335643130316363323935623737643130643236396630363632666136
38663563323466326234343630316632303830396238643261326466336537663632313538353861
30396364626662373937363737373537333865356434623030343039326532353235653039336663
63343839353733336263333334666338343964653536616362326263313638353863613632393638
36366466323039313230316630616535333237313666393334383063663836376364633431366361
62363033346436666331633634626432613836343039343166666430616666636439303461386666
32623233393662306134343237326437336233373565393262643534326234316239636337393063
66333262656138636262633333373039613032353335663664373130623265666462383139646636
33376561383838326335333030616432363766643237323664656132656361366665666161646534
62383365303864376461383566613033303361313534386363633064613535636565323564326361
66363434343334653962643761383934653930633136633739306664653139633330343464626232
64626338353161366539396531343231653534663039313934323861376132323139653338643430
62613438396137663064353238343137656264376363353034623630366561653363303336323762
34336131613538623330643431643833323064643033613162393737656333373830306231623136
32333063363531383965363533343839373730336361353431323836313066393661303062386266
62653334626538386439363963636132346462376131393435303966373462376135643137363864
37376161656138326166646461623030613136383932646231366466346463333433393765303833
31616464343363353165336462316330613232333236313737343131623562363262653461643366
36333232643862663339366337313530656433663937396565363032623331363130333961393638
32356237386538356466386166376563623235663732316335373561646635643564613166363537
39616661633963363066313735636136323166356635646239653561313231653062383864313034
36356535326332623835633562303033333238396331393635353963303935656532376334316263
31343966636433363761613862333034336664643631616538336437336263383538643034666365
62326463393932386138323331633333303532353061616666326466613830656134303630373236
34383232343066663563306139663136303833633539333664666463326137666263663263356535
36346465376565666165643162623432303835306465313865346438316566356637323934313533
63343735653336386662373130663837663431643862666265386331306435316135616262623530
63313130323266636137623566396265303737623833633565333565633630613732333565626530
39353934343639656131333338616265616338643039656464383665333064666533653665653366
35326534613831363632356339613237333432613661663135616437396335636239633137643636
31343430613237633938653266346530613465613730613938626133326232666362643962336333
30396433623432356235383437626232313432363864666166373135636365613761363664363439
3531663336636264636537316237613135643535646234376633
