$ANSIBLE_VAULT;1.1;AES256
37623131626365363064616161633563306530393962656134396235363831636533323730663537
3037346566376464303765303262396638386133326139310a353665643935386432663831633366
33363866323831353064626433653934323331343336346534633265363063653565323763666535
3939666266626566390a343136393533633166306638633866643363346530313438333031653531
66633033613862623566303634386134333963616666633863313237653165353864323663323533
63363534356135343062313365656639373537363762313139363935393964343562643530336663
64396133363232653365313038373131613834626332353066363636666663666234386337623837
66376139623137323064396337346339333333626439653631373232343037356364653563636563
39343839653839383864356663613432653635363566623466393663386333313434376465363463
30316566303165353034383136636333643738323065336661363866336466333962623535383864
32343663626661636565343939393535653635393534393535643537616337313631646533333636
36636365666566353934633363646634373366363761363631633266366163303465653736663466
61633338663031303130373366646665663034633237323932363733636536393162313032306535
32343166613635363731346361333431613363343566653562623430323365643536663035613134
61653735616563643436376266356530383765633930373439643539326636386238343163383265
38636266663864653938323961656631306235363533636363666334393765346435643065386564
63393737333561306665333766663632386432643863633464626434323339396436313566316536
35663961613162316165363763326332306239306236376361613637323730353930653931326134
62383139383062373461613736663339663136626261663030653161386334626665643133386433
36363338313435613464653464343736313535333937333732636132373936376564326334303465
34323337653466383963623933656439663764623538303031636465306234376133363936366366
63306534303035386664386336653838396464326336636232353164303566613931613835343264
37313866383739376338653539613037326237343965333137636465646134653937323063623064
32613362373965323636363965376331323362373836623731623332393938666463333266326437
34343033343131343433313862396430353662613633336235323639316330343536393364323830
34373534316633333033666637303462663464366135386334386237363939393864383935386435
39383536636230323130323061353038613733663865633834623337343234363262643332383139
64356534333366346431326639356564393234326236303134306230643538303631363134373233
36383931336166626432326662393566343532383232613736323632636530623033303534386637
64383431393834643833643332306665643866396166393038306436343934373962636430653431
31353461363663363361383462383036663532353839346164303337386538343966633434323431
61363233613234356537656135633238363431313733663432613562633763613738346632643439
63666233373266323533383564666235623764303332396230303965313339313562383164373038
35393663333333396338643061346666353234346133663935333264313066383537613631346338
62373864336630623332323338363035663835633263333133373130346565396231366564343931
66373964666134363961353639663833353765616261663263653537663835386439353936643831
65363361306431393765616661303462636662613632353063633237663735343364376631613563
35633232376564643134626135363864383833653136333063373630346533646635396330353337
66626237666137386230306464643939356165303431653138323066333766383632373630393736
66303464313633303561383463626232643039303266313538616561613462623365313061373136
61633162376162383763623364343562383239316430396236363061363833316635376638656234
34636166373738333230633561663561316363326330643265633734363832303561633931333631
64326161616437333431656432326334306665656666373336316531656634343134653638323862
31316466366262316634
