$ANSIBLE_VAULT;1.1;AES256
32356539336263336465636336333236346537623231306438363564366632663834653265383337
3539663336396261363736336261306137313236623830310a326264643233363539626463316666
30343732346234396635623861343638373530363530666231666464326631643461383531343863
6464633234356439330a653738393462366163303464663831393865616635356665306630613132
38386431356430323634636238626163653364336661373530366333383634343531366131333266
30343430653536383735363961336231303630383034343861383634636435313836306561396430
38613866303435396366373766316434316566643661633066376239646165646562373039616436
32653038363266336461363061653339616336303565623332306161353233346435616438323865
31633239323536663238303836313562363634313231383662663738353035386234336539653737
31326630363936356132353662626138356434666230376561613838353638623266373837653261
366537633161626662376337373639353863
